======================================================================
机器学习模型评估报告
======================================================================

生成时间: 2025-10-28T10:27:13.394000

## 模型评估指标

### Ridge
  - mse: 0.001587
  - mae: 0.026956
  - rmse: 0.039840
  - r2: -0.217197
  - ic: -0.055599
  - ic_pvalue: 0.539656
  - rank_ic: -0.096881
  - rank_ic_pvalue: 0.284431
  - n_samples: 124

### RandomForest
  - mse: 0.001430
  - mae: 0.024844
  - rmse: 0.037814
  - r2: -0.096524
  - ic: -0.057818
  - ic_pvalue: 0.523574
  - rank_ic: -0.065265
  - rank_ic_pvalue: 0.471420
  - n_samples: 124

### LightGBM
  - mse: 0.001409
  - mae: 0.023811
  - rmse: 0.037536
  - r2: -0.080437
  - ic: -0.211270
  - ic_pvalue: 0.018501
  - rank_ic: -0.314130
  - rank_ic_pvalue: 0.000381
  - n_samples: 124

## 验收结果

  ✅ Top桶 > 全体均值: False
  ✅ Spread > 0: False
  📊 Top桶平均收益: 0.000000
  📊 全体平均收益: 0.000000
  📈 Top-Bottom Spread: 0.000000

======================================================================
