======================================================================
机器学习模型评估报告
======================================================================

生成时间: 2025-10-22T21:00:50.497149

## 模型评估指标

### Ridge
  - mse: 0.001520
  - mae: 0.024930
  - rmse: 0.038986
  - r2: -0.197640
  - ic: -0.067406
  - ic_pvalue: 0.449654
  - rank_ic: -0.082179
  - rank_ic_pvalue: 0.356428
  - n_samples: 128

### RandomForest
  - mse: 0.001311
  - mae: 0.022510
  - rmse: 0.036205
  - r2: -0.032876
  - ic: 0.081294
  - ic_pvalue: 0.361647
  - rank_ic: 0.184599
  - rank_ic_pvalue: 0.036981
  - n_samples: 128

### LightGBM
  - mse: 0.001445
  - mae: 0.023662
  - rmse: 0.038011
  - r2: -0.138510
  - ic: -0.162109
  - ic_pvalue: 0.067524
  - rank_ic: -0.036691
  - rank_ic_pvalue: 0.680946
  - n_samples: 128

## 验收结果

  ✅ Top桶 > 全体均值: False
  ✅ Spread > 0: False
  📊 Top桶平均收益: 0.000000
  📊 全体平均收益: 0.000000
  📈 Top-Bottom Spread: 0.000000

======================================================================
